'00000':
  rot_model2cam: -0.99967869, 0.0253477 ,-0.00013111, 0.01900823, 0.74621672,-0.66543167,-0.01676932,-0.66522035,-0.74645876
  t_model2cam: '20.79928707,17.94912209,50.160385  '

'00010':
  rot_model2cam: -0.91885338, 0.27060648, 0.28719435, 0.38189198, 0.79304829, 0.47458711,-0.09933264, 0.54575319,-0.83203755
  t_model2cam: 11.55032536,-5.08463015,41.85907069

'00020':
  rot_model2cam: -0.86189681,-0.48747796, 0.13963928,-0.4042637 , 0.82680273, 0.39111137,-0.30611231, 0.28064655,-0.90968828
  t_model2cam: -2.43904984,-2.1948447 ,51.01109603

'00030':
  rot_model2cam: -0.84149819,-0.5339105 , 0.08258558,-0.5115646 , 0.83659436, 0.19598861,-0.173731  , 0.1226762 ,-0.97712235
  t_model2cam: -1.65932572,-2.77249899,53.36672684

'00040':
  rot_model2cam: -0.77356098,-0.63362404, 0.01113513,-0.62040921, 0.76077641, 0.1905562 ,-0.12921233, 0.1404985 ,-0.98161313
  t_model2cam: -2.11063156,-3.41450841,53.33805516

'00050':
  rot_model2cam: -0.79666806,-0.54140914, 0.26869341,-0.54120392, 0.83691296, 0.08170071,-0.26910651,-0.08032958,-0.95975458
  t_model2cam: '  4.9495074 ,-13.0704184 , 49.57448369'

'00060':
  rot_model2cam: -0.98320528,-0.15016562, 0.10371912,-0.00030223, 0.56965329, 0.82188505,-0.18250282, 0.80805038,-0.56013151
  t_model2cam: '  0.67159806,-15.71367707, 61.2427514 '
